000001,R001,0,110,0,100,4500,1720,2024-1-4,Yes
000002,R002,0,30,0,35,4500,1720,2024-1-0,No
000003,R003,0,0,0,0,4500,1720,2024-1-0,No
000004,R004,0,70,0,20,4500,1720,2024-1-0,No
000005,R005,0,90,0,100,4500,1720,2024-1-0,No
000006,R006,0,0,0,0,4500,1720,2024-1-0,No
000007,R007,0,0,0,0,4500,1720,2024-1-0,No
000008,R008,0,0,0,0,4500,1720,2024-1-0,No
000009,R009,0,0,0,0,4500,1720,2024-1-0,No
000010,R010,0,0,0,0,4500,1720,2024-1-0,No
000011,R011,0,0,0,0,4500,1720,2024-1-0,No
000012,R012,0,0,0,0,4500,1720,2024-1-0,No
000013,R013,0,0,0,0,4500,1720,2024-1-0,No
000014,R014,0,0,0,0,4500,1720,2024-1-0,No
000016,R016,0,0,0,0,4500,1720,2024-1-0,No
000017,R017,0,0,0,0,4500,1720,2024-1-0,No
000020,R020,0,120,0,150,4500,1720,2024-1-0,No
000023,R023,0,0,0,0,4500,1720,2024-1-0,No
000025,R025,0,0,0,0,4500,1720,2024-1-0,No
000026,R001,100,0,120,0,4500,1720,2024-2-0,No
000019,R019,0,80,0,80,4500,1720,2024-1-4,Yes
000021,R021,-80,30,-80,50,4500,1720,2024-1-0,No
000018,R018,0,50,0,60,4500,1720,2024-1-5,Yes
000015,R015,-50,20,-60,20,4500,1720,2024-1-0,No
000029,R018,50,0,60,0,4500,1720,2024-2-0,No
000030,R021,30,0,50,0,4500,1720,2024-1-0,No
,,0,80,0,80,0,0,2024-1-5,Yes
000022,R022,-80,0,-80,0,4500,1720,2024-1-0,No
000031,,80,0,80,0,0,0,2024-2-0,No
